{
  "advancedEditorSelectedIdentifier" : "ProjectBrowser",
  "openSceneRelativePaths" : [
    "Immersive.usda",
    "Scene.usda"
  ],
  "recentIdentifiers" : {
    "AF09ED6F-1707-48FD-8720-65B998362C09" : [

    ],
    "D66134B1-3681-4A8E-AFE5-29F257229F3B" : [

    ]
  },
  "sceneCameraHistory" : {
    "AF09ED6F-1707-48FD-8720-65B998362C09" : [
      {
        "date" : 730819532.82398903,
        "title" : "Untitled",
        "transform" : [
          0.99989569187164307,
          1.3531262221810891e-10,
          -0.014443768188357353,
          0,
          -0.0032975086942315102,
          0.9735909104347229,
          -0.22827593982219696,
          0,
          0.014062320813536644,
          0.22829975187778473,
          0.97348934412002563,
          0,
          -0.34685543179512024,
          0.91883820295333862,
          1.9742888212203979,
          1
        ]
      },
      {
        "date" : 730819232.14970505,
        "title" : "Untitled",
        "transform" : [
          0.99989569187164307,
          1.3531262221810891e-10,
          -0.014443768188357353,
          0,
          -0.0032975086942315102,
          0.9735909104347229,
          -0.22827593982219696,
          0,
          0.014062320813536644,
          0.22829975187778473,
          0.97348934412002563,
          0,
          0.2275317907333374,
          1.3671715259552002,
          1.3229267597198486,
          1
        ]
      },
      {
        "date" : 730819205.19254601,
        "title" : "Untitled",
        "transform" : [
          0.99989569187164307,
          1.3531262221810891e-10,
          -0.014443768188357353,
          0,
          -0.0032975086942315102,
          0.9735909104347229,
          -0.22827593982219696,
          0,
          0.014062320813536644,
          0.22829975187778473,
          0.97348934412002563,
          0,
          0.095008403062820435,
          1.5900100469589233,
          1.2725816965103149,
          1
        ]
      },
      {
        "date" : 730819200.97182095,
        "title" : "Untitled",
        "transform" : [
          0.99989569187164307,
          1.3531262221810891e-10,
          -0.014443768188357353,
          0,
          -0.0032975086942315102,
          0.9735909104347229,
          -0.22827593982219696,
          0,
          0.014062320813536644,
          0.22829975187778473,
          0.97348934412002563,
          0,
          -1.4950104951858521,
          1.5900100469589233,
          1.2955495119094849,
          1
        ]
      },
      {
        "date" : 730819166.41730797,
        "title" : "Untitled",
        "transform" : [
          0.99989569187164307,
          1.3531262221810891e-10,
          -0.014443768188357353,
          0,
          -0.0032975086942315102,
          0.9735909104347229,
          -0.22827593982219696,
          0,
          0.014062320813536644,
          0.22829975187778473,
          0.97348934412002563,
          0,
          -0.0059626121073961258,
          1.5900100469589233,
          1.2740402221679688,
          1
        ]
      },
      {
        "date" : 730819161.052001,
        "title" : "Untitled",
        "transform" : [
          1,
          0,
          0,
          0,
          0,
          0.7071068286895752,
          -0.70710676908493042,
          0,
          0,
          0.70710676908493042,
          0.7071068286895752,
          0,
          0,
          1.6868124008178711,
          1.6868125200271606,
          1
        ]
      },
      {
        "date" : 730819157.95423496,
        "title" : "Untitled",
        "transform" : [
          1,
          0,
          0,
          0,
          0,
          0.7071068286895752,
          -0.70710676908493042,
          0,
          0,
          0.70710676908493042,
          0.7071068286895752,
          0,
          0,
          1.6868124008178711,
          1.6868125200271606,
          1
        ]
      },
      {
        "date" : 730819114.63237798,
        "title" : "Untitled",
        "transform" : [
          0.99240440130233765,
          -3.9808334406643553e-10,
          -0.12301811575889587,
          0,
          -0.034282129257917404,
          0.96038532257080078,
          -0.27655875682830811,
          0,
          0.11814479529857635,
          0.27867546677589417,
          0.95309066772460938,
          0,
          0.46704205870628357,
          0.49783480167388916,
          -1.0400002002716064,
          1
        ]
      },
      {
        "date" : 730819110.75037098,
        "title" : "Untitled",
        "transform" : [
          0.9962342381477356,
          1.0174117104355673e-09,
          -0.086702257394790649,
          0,
          -0.024588147178292274,
          0.95894479751586914,
          -0.28252497315406799,
          0,
          0.083142675459384918,
          0.28359287977218628,
          0.95533359050750732,
          0,
          0.46704205870628357,
          0.49783480167388916,
          -1.0400002002716064,
          1
        ]
      },
      {
        "date" : 730819107.15493596,
        "title" : "Untitled",
        "transform" : [
          0.99999254941940308,
          1.4277329318801435e-10,
          -0.0038714767433702946,
          0,
          -0.0010425866348668933,
          0.96305650472640991,
          -0.26929745078086853,
          0,
          0.003728450508788228,
          0.26929947733879089,
          0.96304929256439209,
          0,
          0.46704205870628357,
          0.49783480167388916,
          -1.0400002002716064,
          1
        ]
      }
    ],
    "D66134B1-3681-4A8E-AFE5-29F257229F3B" : [
      {
        "date" : 730819759.53383696,
        "title" : "Untitled",
        "transform" : [
          1,
          0,
          0,
          0,
          0,
          0.86602550745010376,
          -0.49999982118606567,
          0,
          0,
          0.49999982118606567,
          0.86602550745010376,
          0,
          -0.1484818160533905,
          0.29722705483436584,
          0.51501250267028809,
          1
        ]
      },
      {
        "date" : 730819755.74226105,
        "title" : "Untitled",
        "transform" : [
          1,
          0,
          0,
          0,
          0,
          0.86602550745010376,
          -0.49999982118606567,
          0,
          0,
          0.49999982118606567,
          0.86602550745010376,
          0,
          0.33958333730697632,
          0.29666304588317871,
          0.51403576135635376,
          1
        ]
      },
      {
        "date" : 730819753.10054898,
        "title" : "Untitled",
        "transform" : [
          1,
          0,
          0,
          0,
          0,
          0.86602550745010376,
          -0.49999982118606567,
          0,
          0,
          0.49999982118606567,
          0.86602550745010376,
          0,
          0,
          0.29666304588317871,
          0.51403576135635376,
          1
        ]
      },
      {
        "date" : 730819716.36034501,
        "title" : "Untitled",
        "transform" : [
          1,
          0,
          0,
          0,
          0,
          0.86602550745010376,
          -0.49999982118606567,
          0,
          0,
          0.49999982118606567,
          0.86602550745010376,
          0,
          0,
          0.20386046171188354,
          0.35329669713973999,
          1
        ]
      }
    ]
  },
  "selectedSceneRelativePath" : "Immersive.usda"
}